intersection_1_1
7
7
7
7
7
7
7
7
7
7
7
7
7
7
7
7
7
7
7
7
7
7
7
7
7
7
7
7
7
7
7
7
7
7
7
7
0
0
0
0
0
8
8
8
8
8
8
0
0
0
0
0
3
3
3
3
3
0
0
0
0
0
8
8
8
8
8
8
8
8
0
0
0
0
0
1
1
1
1
1
1
0
0
0
0
0
3
0
0
0
0
0
8
8
8
8
8
0
0
0
0
0
7
7
7
7
7
7
7
0
0
0
0
0
1
0
0
0
0
0
8
8
8
8
8
8
8
0
0
0
0
0
3
3
3
3
3
3
3
0
0
0
0
0
1
0
0
0
0
0
8
8
8
8
8
8
8
8
8
8
8
8
0
0
0
0
0
7
7
7
7
7
7
7
0
0
0
0
0
1
1
1
1
1
0
0
0
0
0
8
8
8
8
8
8
8
0
0
0
0
0
3
3
3
3
3
3
3
0
0
0
0
0
1
0
0
0
0
0
8
8
8
8
8
8
8
8
8
8
0
0
0
0
0
3
0
0
0
0
0
1
1
1
1
0
0
0
0
0
7
7
7
7
7
7
7
0
0
0
0
0
8
8
8
8
8
8
8
0
0
0
0
0
3
3
3
3
0
0
0
0
0
1
1
1
1
1
0
0
0
0
0
8
8
8
8
8
8
8
8
